shelf:
  orientation:
    w: 0.5
    x: 0.5
    y: 0.5
    z: 0.5
  position:
    x: 1.400095833756227
    y: 0.0841733373195209
    z: -0.045
