shelf:
  orientation:
    w: 0.5
    x: 0.5
    y: 0.5
    z: 0.5
  position:
    x: 1.4025971261713273
    y: 0.07967548074584585
    z: -0.045
  bins:
    A: [-0.43, -.01,  0.15764, 0.41,    1.55794, 1.77212]
    B: [-0.43, -.01, -0.14331, 0.14331, 1.55794, 1.77212]
    C: [-0.43, -.01, -0.41,   -0.15764, 1.55794, 1.77212]
    D: [-0.43, -.01,  0.15764, 0.41,    1.32733, 1.50775]
    E: [-0.43, -.01, -0.14331, 0.14331, 1.32733, 1.50775]
    F: [-0.43, -.01, -0.41,   -0.15764, 1.32733, 1.50775]
    G: [-0.43, -.01,  0.15764, 0.41,    1.11053, 1.29092]
    H: [-0.43, -.01, -0.14331, 0.14331, 1.11053, 1.29092]
    I: [-0.43, -.01, -0.41,   -0.15764, 1.11053, 1.29092]
    J: [-0.43, -.01,  0.15764, 0.41,    0.83651, 1.05069]
    K: [-0.43, -.01, -0.14331, 0.14331, 0.83651, 1.05069]
    L: [-0.43, -.01, -0.41,   -0.15764, 0.83651, 1.05069]
