shelf:
  orientation:
    w: 0.5
    x: 0.5
    y: 0.5
    z: 0.5
  position:
    x: 1.3948577545637884
    y: 0.07449599974128585
    z: -0.045
