shelf:
  orientation:
    w: 0.5
    x: 0.5
    y: 0.5
    z: 0.5
  position:
    x: 1.3434067253849595
    y: 0.03393429090542377
    z: -0.045
