shelf:
  position:
    x: 1.34340672538
    y: 0.0339342909054
    z: -0.045
  orientation:
    w: 0.5
    x: 0.5
    y: 0.5
    z: 0.5