shelf:
  orientation:
    w: 0.5
    x: 0.5
    y: 0.5
    z: 0.5
  position:
    x: 1.4025971261713273
    y: 0.07967548074584585
    z: -0.045
