shelf:
  orientation:
    w: 0.5
    x: 0.5
    y: 0.5
    z: 0.5
  position:
    x: 1.4102754796301293
    y: 0.07993471916072667
    z: -0.135
