shelf:
  orientation:
    w: 0.5
    x: 0.5
    y: 0.5
    z: 0.5
  position:
    x: 1.3535731570096812
    y: 0.08215183129781853
    z: -0.135
