shelf:
  orientation:
    w: 0.5
    x: 0.5
    y: 0.5
    z: 0.5
  position:
    x: 1.3298055589479443
    y: 0.04406583726138108
    z: -0.045
