shelf:
  orientation:
    w: 0.5
    x: 0.5
    y: 0.5
    z: 0.5
  position:
    x: 1.4555542217051944
    y: 0.06278360871507061
    z: -0.140
