shelf:
  orientation:
    w: 0.5
    x: 0.5
    y: 0.5
    z: 0.5
  position:
    x: 1.343290398433116
    y: 0.10824348223784772
    z: -0.045
