shelf:
  orientation:
    w: 0.5
    x: 0.5
    y: 0.5
    z: 0.5
  position:
    x: 1.441171301735304
    y: -0.08109901688844315
    z: -0.135
